image_width: 640
image_height: 480
camera_name: 00b09d01007ad691
camera_matrix:
  rows: 3
  cols: 3
  data: [340.74989559922, 0, 315.002255933771, 0, 342.731220513394, 228.60008159469, 0, 0, 1]
distortion_model: plumb_bob
distortion_coefficients:
  rows: 1
  cols: 5
  data: [-0.265327174281338, 0.0534581914663709, 0.000325390854502786, -0.000235421397972758, 0]
rectification_matrix:
  rows: 3
  cols: 3
  data: [1, 0, 0, 0, 1, 0, 0, 0, 1]
projection_matrix:
  rows: 3
  cols: 4
  data: [236.426971435547, 0, 311.997511686102, 0, 0, 285.050476074219, 223.229809511682, 0, 0, 0, 1, 0]
