image_width: 3088
image_height: 2076
camera_name: l_camera
camera_matrix:
  rows: 3
  cols: 3
  data: [1618.744412, 0.000000, 1591.107247, 0.000000, 1627.011723, 1037.225837, 0.000000, 0.000000, 1.000000]
distortion_model: plumb_bob
distortion_coefficients:
  rows: 1
  cols: 5
  data: [-0.352388, 0.094389, -0.001962, -0.004257, 0.000000]
rectification_matrix:
  rows: 3
  cols: 3
  data: [1.000000, 0.000000, 0.000000, 0.000000, 1.000000, 0.000000, 0.000000, 0.000000, 1.000000]
projection_matrix:
  rows: 3
  cols: 4
  data: [1144.052856, 0.000000, 1570.115103, 0.000000, 0.000000, 1338.273315, 1028.154224, 0.000000, 0.000000, 0.000000, 1.000000, 0.000000]
