image_width: 640
image_height: 480
camera_name: 00b09d01007ad691
camera_matrix:
  rows: 3
  cols: 3
  data: [338.822832092579, 0, 313.972720469311, 0, 338.81062119162, 230.352046019249, 0, 0, 1]
distortion_model: plumb_bob
distortion_coefficients:
  rows: 1
  cols: 5
  data: [-0.270842964220376, 0.054432334710982, 0.00104542350818429, -0.000292933105158158, 0]
rectification_matrix:
  rows: 3
  cols: 3
  data: [1, 0, 0, 0, 1, 0, 0, 0, 1]
projection_matrix:
  rows: 3
  cols: 4
  data: [233.765518188477, 0, 312.736866764506, 0, 0, 281.258453369141, 226.264776650129, 0, 0, 0, 1, 0]