image_width: 320
image_height: 240
camera_name: 00b09d01007ad691
camera_matrix:
  rows: 3
  cols: 3
  data: [214.597, 0, 153.9, 0, 214.407, 117.298, 0, 0, 1]
distortion_model: plumb_bob
distortion_coefficients:
  rows: 1
  cols: 5
  data: [-0.4738, 0.190309, -0.000375676, -0.000663688, 0]
rectification_matrix:
  rows: 3
  cols: 3
  data: [1, 0, 0, 0, 1, 0, 0, 0, 1]
projection_matrix:
  rows: 3
  cols: 4
  data: [214.597, 0, 153.9, 0, 0, 214.407, 117.298, 0, 0, 0, 1, 0]
