image_width: 640
image_height: 480
camera_name: 00b09d01007ad693
camera_matrix:
  rows: 3
  cols: 3
  data: [342.80331467541, 0, 346.592163881662, 0, 343.413232757792, 236.380543390271, 0, 0, 1]
distortion_model: plumb_bob
distortion_coefficients:
  rows: 1
  cols: 5
  data: [-0.26831491621738, 0.0546331790935102, 0.000590545391084701, 0.00133635941327375, 0]
rectification_matrix:
  rows: 3
  cols: 3
  data: [1, 0, 0, 0, 1, 0, 0, 0, 1]
projection_matrix:
  rows: 3
  cols: 4
  data: [246.385452270508, 0, 357.41302945879, 0, 0, 287.239288330078, 234.833645401917, 0, 0, 0, 1, 0]