image_width: 320
image_height: 240
camera_name: 00b09d01007ad693
camera_matrix:
  rows: 3
  cols: 3
  data: [169.39, 0, 173.278, 0, 170.17, 121.623, 0, 0, 1]
distortion_model: plumb_bob
distortion_coefficients:
  rows: 1
  cols: 5
  data: [0.094896, -0.140698, -0.000646, 0.002101, 0]
rectification_matrix:
  rows: 3
  cols: 3
  data: [1, 0, 0, 0, 1, 0, 0, 0, 1]
projection_matrix:
  rows: 3
  cols: 4
  data: [169.39, 0, 173.278, 0, 0, 170.17, 121.623, 0, 0, 0, 1, 0]
