image_width: 640
image_height: 480
camera_name: 00b09d01007ad693
camera_matrix:
  rows: 3
  cols: 3
  data: [348.787785480304, 0, 343.171729985238, 0, 351.439253294902, 242.822016181498, 0, 0, 1]
distortion_model: plumb_bob
distortion_coefficients:
  rows: 1
  cols: 5
  data: [-0.256307584219225, 0.0446854741643913, -0.00056922566343909, -0.00026963879441256, 0]
rectification_matrix:
  rows: 3
  cols: 3
  data: [1, 0, 0, 0, 1, 0, 0, 0, 1]
projection_matrix:
  rows: 3
  cols: 4
  data: [240.480224609375, 0, 363.101658203319, 0, 0, 299.198364257812, 242.960995473142, 0, 0, 0, 1, 0]