frame_id: r_camera_link
image_width: 640
image_height: 480
camera_name: 00b09d01007ad693
camera_matrix:
  rows: 3
  cols: 3
  data: [341.799355, 0.000000, 339.907573, 0.000000, 344.564379, 239.336571, 0.000000, 0.000000, 1.000000]
distortion_model: plumb_bob
distortion_coefficients:
  rows: 1
  cols: 5
  data: [-0.255494, 0.047690, 0.000464, 0.001211, 0.000000]
rectification_matrix:
  rows: 3
  cols: 3
  data: [0.998937, 0.003472, -0.045958, -0.003122, 0.999966, 0.007689, 0.045983, -0.007537, 0.998914]
projection_matrix:
  rows: 3
  cols: 4
  data: [295.755998, 0.000000, 339.443693, -59.740850, 0.000000, 295.755998, 236.734987, 0.000000, 0.000000, 0.000000, 1.000000, 0.000000]
