image_width: 640
image_height: 480
camera_name: 00b09d01007ad693
camera_matrix:
  rows: 3
  cols: 3
  data: [346.799211440649, 0, 346.668522194198, 0, 347.577692357217, 234.538458657578, 0, 0, 1]
distortion_model: plumb_bob
distortion_coefficients:
  rows: 1
  cols: 5
  data: [-0.256183761253855, 0.044707859585127, 0.00171605190918677, -0.00111488599941749, 0]
rectification_matrix:
  rows: 3
  cols: 3
  data: [1, 0, 0, 0, 1, 0, 0, 0, 1]
projection_matrix:
  rows: 3
  cols: 4
  data: [240.986434936523, 0, 363.967079574515, 0, 0, 294.457489013672, 233.358021986551, 0, 0, 0, 1, 0]