image_width: 3088
image_height: 2076
camera_name: r_camera
camera_matrix:
  rows: 3
  cols: 3
  data: [1990.837391, 0.000000, 1516.529868, 0.000000, 1982.970561, 1111.522358, 0.000000, 0.000000, 1.000000]
distortion_model: plumb_bob
distortion_coefficients:
  rows: 1
  cols: 5
  data: [-0.522323, 0.216915, -0.000872, -0.003189, 0.000000]
rectification_matrix:
  rows: 3
  cols: 3
  data: [1.000000, 0.000000, 0.000000, 0.000000, 1.000000, 0.000000, 0.000000, 0.000000, 1.000000]
projection_matrix:
  rows: 3
  cols: 4
  data: [1427.578369, 0.000000, 1501.446281, 0.000000, 0.000000, 1628.497681, 1145.231564, 0.000000, 0.000000, 0.000000, 1.000000, 0.000000]
