image_width: 3088
image_height: 2076
camera_name: r_camera
camera_matrix:
  rows: 3
  cols: 3
  data: [1656.248185, 0.000000, 1458.237982, 0.000000, 1656.903646, 1117.214826, 0.000000, 0.000000, 1.000000]
distortion_model: plumb_bob
distortion_coefficients:
  rows: 1
  cols: 5
  data: [-0.355619, 0.094444, -0.001344, 0.003648, 0.000000]
rectification_matrix:
  rows: 3
  cols: 3
  data: [1.000000, 0.000000, 0.000000, 0.000000, 1.000000, 0.000000, 0.000000, 0.000000, 1.000000]
projection_matrix:
  rows: 3
  cols: 4
  data: [1166.504639, 0.000000, 1478.815287, 0.000000, 0.000000, 1363.163330, 1151.695520, 0.000000, 0.000000, 0.000000, 1.000000, 0.000000]
