image_width: 640
image_height: 480
camera_name: depth_1204110031
camera_matrix:
  rows: 3
  cols: 3
  data: [575.670585151043, 0, 327.742576007299, 0, 575.192488262105, 240.901039543084, 0, 0, 1]
distortion_model: plumb_bob
distortion_coefficients:
  rows: 1
  cols: 5
  data: [-0.016068464376776, -0.0229682172231176, -0.00317939656276068, 0.00341764498858548, 0]
rectification_matrix:
  rows: 3
  cols: 3
  data: [1, 0, 0, 0, 1, 0, 0, 0, 1]
projection_matrix:
  rows: 3
  cols: 4
  data: [570.542419433594, 0, 329.290284440893, 0, 0, 572.242980957031, 239.410784501879, 0, 0, 0, 1, 0]