# oST version 5.0 parameters


[image]

width
640

height
480

[narrow_stereo]

camera matrix
574.655641 0.000000 324.702417
0.000000 576.063951 247.351071
0.000000 0.000000 1.000000

distortion
-0.029220 0.014027 -0.001038 0.002087 0.000000

rectification
1.000000 0.000000 0.000000
0.000000 1.000000 0.000000
0.000000 0.000000 1.000000

projection
569.210449 0.000000 325.402944 0.000000
0.000000 572.284668 246.571492 0.000000
0.000000 0.000000 1.000000 0.000000

