docking_frame_id: 'map'
docking_pos_x: -1.7971836918660822
docking_pos_y: -5.511860977746043
docking_pos_z: 0.0
docking_orient_x: 0.0
docking_orient_y: 0.0
docking_orient_z: -0.7270364511389584
docking_orient_w: 0.6865988630308595