docking_frame_id: 'map'
docking_pos_x: 0.11267432633718799
docking_pos_y: 0.3007842392704828
docking_pos_z: 0.0
docking_orient_x: 0.0
docking_orient_y: 0.0
docking_orient_z: -0.6991161940462269
docking_orient_w: -0.7150080749350445
